function taylor_expansion = pendulum_dyn_poly_n3_d2(in1)
%PENDULUM_DYN_POLY_N3_D2
%    TAYLOR_EXPANSION = PENDULUM_DYN_POLY_N3_D2(IN1)

%    This function was generated by the Symbolic Math Toolbox version 23.2.
%    18-Feb-2025 08:14:02

dtheta1 = in1(4,:);
dtheta2 = in1(5,:);
dtheta3 = in1(6,:);
theta1 = in1(1,:);
theta2 = in1(2,:);
theta3 = in1(3,:);
et1 = dtheta1.*(-4.657952309809461e+1)+dtheta2.*3.01917153095757e+1-dtheta3.*5.935833904135117-theta1.*1.728170535366496e+2+theta2.*2.314540470081241e+1;
et2 = theta3.*(-9.67061134939582e-1);
et3 = dtheta1.*(-4.191230524190568e+1)+dtheta2.*2.741889018727761e+1-dtheta3.*5.957450235611198-theta1.*1.699708607397894e+2;
et4 = theta2.*2.074492445818737e+1-theta3.*1.131593076897545;
et5 = dtheta1.*(-1.700417855346917e+1)+dtheta2.*1.17844510806135e+1-dtheta3.*4.029979587766624-theta1.*7.097339551059251e+1;
et6 = theta2.*8.203546720177081-theta3.*1.143227978917167;
taylor_expansion = [dtheta1;dtheta2;dtheta3;et1+et2;et3+et4;et5+et6];
end
