function taylor_expansion = pendulum_dyn_poly_n2_d2(in1)
%PENDULUM_DYN_POLY_N2_D2
%    TAYLOR_EXPANSION = PENDULUM_DYN_POLY_N2_D2(IN1)

%    This function was generated by the Symbolic Math Toolbox version 23.2.
%    18-Feb-2025 08:14:01

dtheta1 = in1(3,:);
dtheta2 = in1(4,:);
theta1 = in1(1,:);
theta2 = in1(2,:);
mt1 = [dtheta1;dtheta2;dtheta1.*(-1.549637463838931e+1)+dtheta2.*7.084484423029172-theta1.*3.816128189960061e+1+theta2.*2.502949510077064];
mt2 = [dtheta1.*(-1.035028689389086e+1)+dtheta2.*4.731845220881568-theta1.*3.124172394820199e+1+theta2.*1.671761693605639];
taylor_expansion = [mt1;mt2];
end
