function taylor_expansion = pendulum_dyn_poly_n5_d2(in1)
%PENDULUM_DYN_POLY_N5_D2
%    TAYLOR_EXPANSION = PENDULUM_DYN_POLY_N5_D2(IN1)

%    This function was generated by the Symbolic Math Toolbox version 23.2.
%    18-Feb-2025 08:14:08

dtheta1 = in1(6,:);
dtheta2 = in1(7,:);
dtheta3 = in1(8,:);
dtheta4 = in1(9,:);
dtheta5 = in1(10,:);
theta1 = in1(1,:);
theta2 = in1(2,:);
theta3 = in1(3,:);
theta4 = in1(4,:);
theta5 = in1(5,:);
et1 = dtheta1.*(-1.601243502151847e+2)+dtheta2.*1.262250718336039e+2-dtheta3.*1.369697911652946e+1+dtheta4.*4.138848943759996-dtheta5.*1.30933621407133;
et2 = theta1.*(-8.517397067017992e+2)+theta2.*1.55235752477264e+2+theta3.*1.707700874068768e+1+theta4.*4.433747703584964-theta5.*1.983899223306339e-1;
et3 = dtheta1.*(-1.555206153495528e+2)+dtheta2.*1.239263921050175e+2-dtheta3.*1.494487266473569e+1+dtheta4.*4.083301380090834;
et4 = dtheta5.*(-1.271797224003749)-theta1.*8.561037357928212e+2+theta2.*1.515454063004806e+2+theta3.*1.413925956537436e+1;
et5 = theta4.*3.82546378925705-theta5.*2.050203312653807e-1;
et6 = dtheta1.*(-1.294073511415494e+2)+dtheta2.*1.083896433914069e+2-dtheta3.*1.816297154518089e+1+dtheta4.*2.388690237627451;
et7 = dtheta5.*(-8.328049438225165e-1)-theta1.*7.203784003819201e+2+theta2.*1.293824782784973e+2+theta3.*2.193952154211344;
et8 = theta4.*(-7.423030225363432e-2)-theta5.*2.098890375323709e-1;
et9 = dtheta1.*(-8.486715946773709e+1)+dtheta2.*7.274261701179707e+1-dtheta3.*1.101551252146897e+1-dtheta4.*2.910178297072176;
et10 = dtheta5.*(-3.024140670889319e-1)-theta1.*4.738777460054277e+2+theta2.*8.664066988409312e+1-theta3.*1.096332442113206;
et11 = theta4.*(-5.892515726579022)-theta5.*3.786403179086919e-1;
et12 = dtheta1.*(-2.950726240239283e+1)+dtheta2.*2.543948206904169e+1-dtheta3.*3.450861187072495-dtheta4.*1.337983953481133;
et13 = dtheta5.*(-1.576916937448775)-theta1.*1.650297747000455e+2+theta2.*3.034445651710642e+1-theta3.*4.357886543865858e-1;
et14 = theta4.*(-3.412996088148074)-theta5.*8.265903443965353e-1;
taylor_expansion = [dtheta1;dtheta2;dtheta3;dtheta4;dtheta5;et1+et2;et3+et4+et5;et6+et7+et8;et9+et10+et11;et12+et13+et14];
end
