function taylor_expansion = pendulum_dyn_poly_n4_d2(in1)
%PENDULUM_DYN_POLY_N4_D2
%    TAYLOR_EXPANSION = PENDULUM_DYN_POLY_N4_D2(IN1)

%    This function was generated by the Symbolic Math Toolbox version 23.2.
%    18-Feb-2025 08:14:04

dtheta1 = in1(5,:);
dtheta2 = in1(6,:);
dtheta3 = in1(7,:);
dtheta4 = in1(8,:);
theta1 = in1(1,:);
theta2 = in1(2,:);
theta3 = in1(3,:);
theta4 = in1(4,:);
et1 = dtheta1.*(-9.450772604952875e+1)+dtheta2.*6.990287706693889e+1-dtheta3.*8.891156698229089+dtheta4.*2.139465195194795-theta1.*4.338140727667318e+2;
et2 = theta2.*7.221121123226997e+1+theta3.*4.166249536491693+theta4.*6.161995989630332e-1;
et3 = dtheta1.*(-8.996275906648719e+1)+dtheta2.*6.7390329749428e+1-dtheta3.*9.708825114081691+dtheta4.*2.258412246293978;
et4 = theta1.*(-4.348088675670676e+2)+theta2.*6.899164501551743e+1+theta3.*2.665784013960878+theta4.*5.967802390555395e-1;
et5 = dtheta1.*(-6.455198587966718e+1)+dtheta2.*5.152623289919588e+1-dtheta3.*1.13874399927717e+1+dtheta4.*1.835121972948252;
et6 = theta1.*(-3.172546335480994e+2)+theta2.*5.051250479791635e+1-theta3.*3.048757981368282+theta4.*2.044322109823081e-1;
et7 = dtheta1.*(-2.329500549686026e+1)+dtheta2.*1.918085110330573e+1-dtheta3.*4.359742249283443-dtheta4.*8.182016145411085e-1;
et8 = theta1.*(-1.148162179670901e+2)+theta2.*1.857075456076723e+1-theta3.*2.282164821691851-theta4.*6.163388955798441e-1;
taylor_expansion = [dtheta1;dtheta2;dtheta3;dtheta4;et1+et2;et3+et4;et5+et6;et7+et8];
end
