function taylor_expansion = pendulum_dyn_poly_n3_d2(in1)
%PENDULUM_DYN_POLY_N3_D2
%    TAYLOR_EXPANSION = PENDULUM_DYN_POLY_N3_D2(IN1)

%    This function was generated by the Symbolic Math Toolbox version 23.2.
%    19-Aug-2024 10:58:05

dtheta1 = in1(4,:);
dtheta2 = in1(5,:);
dtheta3 = in1(6,:);
theta1 = in1(1,:);
theta2 = in1(2,:);
theta3 = in1(3,:);
et1 = dtheta1.*(-6.799231025231434e+1)-dtheta2.*2.742163672773952e+1-dtheta3.*9.607977054002772;
et2 = theta1.*(-2.167423728799115e+2)-theta2.*1.814044075015941e+1-theta3.*1.058655739026943e+1;
et3 = dtheta1.*1.330199966894031e+2+dtheta2.*5.24968504187088e+1+dtheta3.*2.275276430519888e+1;
et4 = theta1.*4.546946805026133e+2+theta2.*1.977241703395829e+1+theta3.*3.148796901442531e+1;
et5 = dtheta1.*(-8.16775518362603e+1)-dtheta2.*2.948863614743231e+1-dtheta3.*2.34090566922662e+1;
et6 = theta1.*(-3.032987067688195e+2)+theta2.*2.53608146164734e+1-theta3.*4.504673935861407e+1;
taylor_expansion = [dtheta1;dtheta2;dtheta3;et1+et2;et3+et4;et5+et6];
end
