function taylor_expansion = pendulum_dyn_poly_n5_d2(in1)
%PENDULUM_DYN_POLY_N5_D2
%    TAYLOR_EXPANSION = PENDULUM_DYN_POLY_N5_D2(IN1)

%    This function was generated by the Symbolic Math Toolbox version 23.2.
%    19-Aug-2024 10:59:13

dtheta1 = in1(6,:);
dtheta2 = in1(7,:);
dtheta3 = in1(8,:);
dtheta4 = in1(9,:);
dtheta5 = in1(10,:);
theta1 = in1(1,:);
theta2 = in1(2,:);
theta3 = in1(3,:);
theta4 = in1(4,:);
theta5 = in1(5,:);
et1 = dtheta1.*(-9.956673999912861e+1)-dtheta2.*5.324730150350823e+1-dtheta3.*3.818712380474023e+1;
et2 = dtheta4.*(-2.112446599121952e+1)-dtheta5.*6.872662696027825-theta1.*3.308231327989374e+2;
et3 = theta2.*(-2.373042515562969e+1)-theta3.*3.931039527487924e+1-theta4.*1.304574368281072e+1;
et4 = theta5.*(-4.836242795793068);
et5 = dtheta1.*1.825638731423534e+2+dtheta2.*9.836606592372185e+1+dtheta3.*8.123944546664119e+1;
et6 = dtheta4.*4.176580394631347e+1+dtheta5.*1.365415542154804e+1+theta1.*6.384136993392335e+2;
et7 = theta2.*1.340656174829664e+1+theta3.*1.11842548951553e+2+theta4.*2.079292702652212e+1;
et8 = theta5.*9.94175124806249;
et9 = dtheta1.*(-9.775300353162646e+1)-dtheta2.*5.541914847498108e+1-dtheta3.*6.04680352140455e+1;
et10 = dtheta4.*(-1.884235436679768e+1)-dtheta5.*7.651059249000843-theta1.*3.489266294207719e+2;
et11 = theta2.*2.806709673333957e+1-theta3.*1.389847873521559e+2+theta4.*1.838605960719697e+1;
et12 = theta5.*(-7.220191193278715);
et13 = dtheta1.*2.713108494941628e+1+dtheta2.*1.735080329771976e+1+dtheta3.*2.166419813484463e+1;
et14 = dtheta4.*(-9.998088443731063)+dtheta5.*4.153104641918147+theta1.*9.243479988870114e+1;
et15 = theta2.*(-1.172736181587373e+1)+theta3.*9.503355849799636e+1-theta4.*6.911126650576488e+1;
et16 = theta5.*1.381697637810258e+1;
et17 = dtheta1.*(-7.539144102482769)-dtheta2.*1.975956827026035-dtheta3.*3.257297216238656e-1;
et18 = dtheta4.*1.495052038071267e+1-dtheta5.*1.021143810430863e+1-theta1.*4.572980143009497e+1;
et19 = theta2.*6.694017256413781-theta3.*3.233535101768431e+1+theta4.*8.293243139295126e+1;
et20 = theta5.*(-3.30220823706516e+1);
taylor_expansion = [dtheta1;dtheta2;dtheta3;dtheta4;dtheta5;et1+et2+et3+et4;et5+et6+et7+et8;et9+et10+et11+et12;et13+et14+et15+et16;et17+et18+et19+et20];
end
