function taylor_expansion = pendulum_dyn_poly_n2_d2(in1)
%PENDULUM_DYN_POLY_N2_D2
%    TAYLOR_EXPANSION = PENDULUM_DYN_POLY_N2_D2(IN1)

%    This function was generated by the Symbolic Math Toolbox version 23.2.
%    19-Aug-2024 10:58:03

dtheta1 = in1(3,:);
dtheta2 = in1(4,:);
theta1 = in1(1,:);
theta2 = in1(2,:);
mt1 = [dtheta1;dtheta2;dtheta1.*(-6.211052512286954e+1)-dtheta2.*1.505041661556309e+1-theta1.*1.957225267171152e+2-theta2.*1.49268900927943e+1];
mt2 = [dtheta1.*1.657057051507224e+2+dtheta2.*4.015325732893768e+1+theta1.*5.516013910707035e+2+theta2.*3.982369886006746e+1];
taylor_expansion = [mt1;mt2];
end
