function taylor_expansion = pendulum_dyn_poly_n4_d2(in1)
%PENDULUM_DYN_POLY_N4_D2
%    TAYLOR_EXPANSION = PENDULUM_DYN_POLY_N4_D2(IN1)

%    This function was generated by the Symbolic Math Toolbox version 23.2.
%    19-Aug-2024 10:58:11

dtheta1 = in1(5,:);
dtheta2 = in1(6,:);
dtheta3 = in1(7,:);
dtheta4 = in1(8,:);
theta1 = in1(1,:);
theta2 = in1(2,:);
theta3 = in1(3,:);
theta4 = in1(4,:);
et1 = dtheta1.*(-8.293792851159717e+1)-dtheta2.*4.011224981085494e+1-dtheta3.*2.453074719656778e+1;
et2 = dtheta4.*(-7.650104589516381)-theta1.*2.697777878437301e+2-theta2.*2.086668965598932e+1;
et3 = theta3.*(-2.525247189892977e+1)-theta4.*5.662739756253391;
et4 = dtheta1.*1.533787846740634e+2+dtheta2.*7.409777075601538e+1+dtheta3.*5.356035146321466e+1;
et5 = dtheta4.*1.542572820286591e+1+theta1.*5.288549247975717e+2+theta2.*1.581818080897504e+1;
et6 = theta3.*7.152021926784763e+1+theta4.*1.015725273361471e+1;
et7 = dtheta1.*(-8.302747977500506e+1)-dtheta2.*4.208270261370386e+1-dtheta3.*4.394089425523934e+1;
et8 = dtheta4.*(-6.645851635763981)-theta1.*2.932113753257455e+2+theta2.*2.217901855159485e+1;
et9 = theta3.*(-9.38315256060152e+1)+theta4.*5.639177932268718;
et10 = dtheta1.*3.521171177598546e+1+dtheta2.*2.322439311233121e+1+dtheta3.*2.75899035274256e+1;
et11 = dtheta4.*(-6.180826212858157)+theta1.*1.028853098490501e+2-theta2.*6.490611964327625;
et12 = theta3.*9.227485872821292e+1-theta4.*2.994512066516177e+1;
taylor_expansion = [dtheta1;dtheta2;dtheta3;dtheta4;et1+et2+et3;et4+et5+et6;et7+et8+et9;et10+et11+et12];
end
